F:[48, 5, 10, 9, 27, 31, 23, 30, 47, 159, 18, 29, 12, 54, 19, 47, 4, 42, 75, 55, 2, 55, 46, 23, 20, 40, 15, 26, 46, 1]
T:[106, 48, 252, 78, 196, 58, 106, 257, 59, 343, 134, 106, 22, 134, 121, 171, 162, 163, 107, 126, 29, 131, 168, 192, 117, 160, 97, 125, 136, 81]
firstSeleteArray:[349715442, 13822869, 54298693, 6539374, 78760814, 40045216, 39177935, 46812723, 174990444, 405185596, 27661131, 54292628, 21724516, 114202296, 13779015, 44022869, 4458644, 63123143, 78163652, 65364361, 1665052, 56669608, 38221076, 35182087, 26390766, 40849522, 15981045, 27589750, 47302582, 6899537]
firstGenerateArray:[168459003, 1029168, 1684178, 514117, 3725722, 2669030, 2616768, 2789859, 41733140, 31943429, 1015641, 1480783, 584097, 3582041, 608821, 2327520, 154889, 1714974, 2878961, 2130187, 60651, 2504802, 1641261, 1171464, 1215323, 1878721, 823892, 1283898, 2344319, 43387]
firstExecuteArray:[27503917, 493123, 1314686, 297180, 1935637, 1540024, 1518093, 1379535, 4303278, 7791094, 8885564, 1146268, 341034, 1732696, 341502, 1054823, 70914, 954523, 1504575, 1080487, 34522, 1108009, 874270, 635882, 1872186, 1008645, 507121, 639612, 1260578, 13996]
allSeleteArray:[528702665, 168740321, 542030540, 121371494, 379391974, 70009613, 175916042, 564012108, 200519064, 676784965, 147117505, 185722547, 34758479, 193045689, 125741487, 182495554, 224093843, 179642701, 107382067, 148239989, 26631962, 124918072, 185847112, 269314761, 124429602, 173353392, 105730085, 131698632, 179681425, 136256655]
allGenerateArray:[179943614, 7260629, 26304909, 3899732, 18564705, 4083087, 7485491, 18039841, 90954570, 38290129, 3894143, 3828369, 901339, 5823722, 3347835, 5858228, 3588104, 5235894, 3433201, 4055566, 740853, 4076084, 5104797, 6956920, 3910478, 5454230, 3238189, 3739713, 5195290, 3310973]
allExecuteArray:[49645983, 4637791, 30563888, 2107788, 7829795, 2382577, 3602556, 9489268, 4657843, 14244616, 10111607, 2270612, 469798, 2836991, 1730365, 2557062, 1645926, 2515543, 1751836, 1875915, 352693, 1787738, 2643832, 3722448, 3111290, 2525331, 1735961, 1778427, 2717561, 1658054]
averageF:33.0
averageT:132.0
averagefirstSelete:6.6429746E7
averagefirstGenerate:9553668.0
averagefirstExecute:2438125.0
averageallSelete:2.13786011E8
averageallGenerate:1.5884021E7
averageallExecute:5965369.0