F:[7, 7, 1, 5, 8, 2, 3, 2, 3, 2, 7, 13, 2, 2, 3, 4, 11, 12, 1, 1, 1, 7, 3, 2, 17, 1, 1, 1, 5, 8]
T:[7, 7, 1, 5, 8, 2, 3, 2, 3, 2, 7, 13, 2, 2, 3, 4, 11, 12, 1, 1, 1, 7, 3, 2, 17, 1, 1, 1, 5, 8]
firstSeleteArray:[67188498, 65280851, 5703350, 62625351, 93121597, 49327332, 40397447, 8298200, 22018432, 14817513, 37522680, 68857750, 19690437, 8262276, 14639765, 36478581, 142016453, 143115600, 1253571, 1289960, 13591935, 49950618, 48425993, 23471677, 305018898, 33411602, 9887673, 2585519, 27504845, 73674223]
firstGenerateArray:[239798, 312108, 35923, 291116, 376956, 93306, 156288, 60649, 199676, 81643, 282251, 470263, 109634, 97505, 108235, 140427, 629818, 554239, 30791, 31258, 53184, 278986, 130161, 83976, 851886, 34989, 35923, 35923, 190811, 301846]
firstExecuteArray:[66715, 94240, 11197, 57383, 86774, 20527, 40589, 18661, 59716, 20062, 81644, 131093, 23794, 22393, 33591, 42921, 142293, 146024, 8398, 8397, 12130, 82109, 36389, 28459, 215538, 8398, 10730, 8864, 46652, 85841]
allSeleteArray:[67188498, 65280851, 5703350, 62625351, 93121597, 49327332, 40397447, 8298200, 22018432, 14817513, 37522680, 68857750, 19690437, 8262276, 14639765, 36478581, 142016453, 143115600, 1253571, 1289960, 13591935, 49950618, 48425993, 23471677, 305018898, 33411602, 9887673, 2585519, 27504845, 73674223]
allGenerateArray:[239798, 312108, 35923, 291116, 376956, 93306, 156288, 60649, 199676, 81643, 282251, 470263, 109634, 97505, 108235, 140427, 629818, 554239, 30791, 31258, 53184, 278986, 130161, 83976, 851886, 34989, 35923, 35923, 190811, 301846]
allExecuteArray:[66715, 94240, 11197, 57383, 86774, 20527, 40589, 18661, 59716, 20062, 81644, 131093, 23794, 22393, 33591, 42921, 142293, 146024, 8398, 8397, 12130, 82109, 36389, 28459, 215538, 8398, 10730, 8864, 46652, 85841]
averageF:4.0
averageT:4.0
averagefirstSelete:4.964762E7
averagefirstGenerate:209985.0
averagefirstExecute:55050.0
averageallSelete:4.964762E7
averageallGenerate:209985.0
averageallExecute:55050.0